111011111111111111111011011111111111111111111111
100001100101111100001000010111010011001110111101
000111111000011101010001011111010001011110001001
111010100111010001110001111011011100100000101001
010101101000000111010110011111101111100011010000
101010110110101100101110110000100011100100101011
111010000110100010111011101001000001001101101111
100010010010101111111110001111010000001111011000
001000100100100011011110110111011010011100101101
011010111110011001001101100001011000000111010100
111000010111000010110001001010100101100110111111
110111111100111011100100000100101001011100001010
011111010001110111000101011110010001001011100001
111011000010111100001100001110100001011001110111
010111010110001111011001010110000110100110110001
001101110110001001110000011101100011111001000111
001101010111001101001000010110101001000011111111
101111001001011111011001001001011001011100001001
000001000011101001100101000000110101101111001001
011110100100001101100010001010000011110001000110
101111010010110000011000100110101100010011000000
010001010010001000010011000101100011110101111000
010000000010110100101001011011100101000100111100
010110101011101101110000100000000010001111100000
001110000010100111000101000100101001010001101101
110000011101010010000000110111000011011000001101
011000011101000010100011100101011000110000011010
011110011100011100001000000101100101011000010010
010110110010110000000010100110010001101010110100
110011001001101000010000001110000101100011101001
